 Year , USA  , CAN  , WEU  , JPK  , ANZ  , EEU  , FSU  , MDE  , CAM  , SAM  , SAS  , SEA  , CHI  , NAF  , SSA  , SIS  
 1950 , 0.67 , 0.60 , 0.60 , 1.43 , 1.05 , 0.80 , 1.21 , 2.72 , 1.13 , 0.97 , 1.77 , 1.66 , 1.24 , 1.23 , 1.54 , 1.25 
 1960 , 0.74 , 0.70 , 0.60 , 1.17 , 1.07 , 0.70 , 1.03 , 1.90 , 1.08 , 0.98 , 1.52 , 1.33 , 0.46 , 1.32 , 1.36 , 1.02 
 1970 , 0.72 , 0.68 , 0.59 , 0.80 , 1.11 , 0.65 , 1.00 , 1.40 , 1.15 , 1.02 , 1.39 , 1.03 , 0.62 , 1.06 , 1.17 , 0.87 
 1980 , 0.79 , 0.73 , 0.66 , 0.87 , 1.11 , 0.66 , 0.99 , 1.33 , 1.04 , 1.09 , 1.15 , 1.09 , 0.60 , 1.00 , 1.10 , 0.84 
 1990 , 0.96 , 0.98 , 0.90 , 1.04 , 0.99 , 0.86 , 1.20 , 1.08 , 1.02 , 1.05 , 1.03 , 1.11 , 0.81 , 1.05 , 1.00 , 1.06 
 2000 , 1.00 , 1.00 , 1.00 , 1.00 , 1.00 , 1.00 , 1.00 , 1.00 , 1.00 , 1.00 , 1.00 , 1.00 , 1.00 , 1.00 , 1.00 , 1.00 
 2010 , 1.07 , 1.07 , 1.07 , 1.01 , 1.03 , 1.09 , 0.99 , 1.07 , 1.02 , 1.01 , 1.02 , 0.99 , 1.12 , 1.01 , 1.03 , 1.04 
 2020 , 1.16 , 1.17 , 1.13 , 1.05 , 1.07 , 1.13 , 1.07 , 1.20 , 1.08 , 1.07 , 1.08 , 1.05 , 1.18 , 1.07 , 1.09 , 1.12 
 2030 , 1.23 , 1.25 , 1.20 , 1.12 , 1.14 , 1.15 , 1.09 , 1.29 , 1.15 , 1.14 , 1.15 , 1.11 , 1.25 , 1.14 , 1.16 , 1.21 
 2040 , 1.33 , 1.35 , 1.30 , 1.20 , 1.23 , 1.16 , 1.10 , 1.41 , 1.27 , 1.25 , 1.25 , 1.21 , 1.37 , 1.25 , 1.28 , 1.32 
 2050 , 1.42 , 1.44 , 1.39 , 1.29 , 1.32 , 1.21 , 1.15 , 1.56 , 1.36 , 1.34 , 1.38 , 1.34 , 1.51 , 1.34 , 1.37 , 1.42 
 2060 , 1.51 , 1.53 , 1.48 , 1.37 , 1.40 , 1.31 , 1.24 , 1.70 , 1.45 , 1.44 , 1.51 , 1.47 , 1.65 , 1.44 , 1.46 , 1.52 
 2070 , 1.60 , 1.63 , 1.56 , 1.45 , 1.48 , 1.38 , 1.30 , 1.82 , 1.57 , 1.55 , 1.59 , 1.54 , 1.74 , 1.55 , 1.58 , 1.64 
 2080 , 1.65 , 1.68 , 1.61 , 1.49 , 1.53 , 1.43 , 1.35 , 1.86 , 1.67 , 1.65 , 1.59 , 1.54 , 1.74 , 1.65 , 1.68 , 1.74 
 2090 , 1.68 , 1.70 , 1.64 , 1.52 , 1.55 , 1.51 , 1.43 , 1.81 , 1.76 , 1.74 , 1.55 , 1.51 , 1.70 , 1.74 , 1.77 , 1.84 
 2100 , 1.73 , 1.76 , 1.69 , 1.57 , 1.60 , 1.60 , 1.51 , 1.82 , 1.85 , 1.83 , 1.55 , 1.51 , 1.70 , 1.83 , 1.86 , 1.93 
 2110 , 1.82 , 1.85 , 1.78 , 1.65 , 1.68 , 1.68 , 1.59 , 1.91 , 1.94 , 1.92 , 1.63 , 1.58 , 1.79 , 1.92 , 1.96 , 2.03 
 2120 , 1.91 , 1.94 , 1.87 , 1.73 , 1.77 , 1.77 , 1.67 , 2.01 , 2.04 , 2.02 , 1.72 , 1.67 , 1.88 , 2.02 , 2.06 , 2.13 
 2130 , 2.01 , 2.04 , 1.96 , 1.82 , 1.86 , 1.86 , 1.76 , 2.11 , 2.15 , 2.12 , 1.80 , 1.75 , 1.97 , 2.12 , 2.16 , 2.24 
 2140 , 2.12 , 2.15 , 2.06 , 1.91 , 1.96 , 1.95 , 1.85 , 2.22 , 2.26 , 2.23 , 1.90 , 1.84 , 2.07 , 2.23 , 2.28 , 2.36 
 2150 , 2.22 , 2.25 , 2.17 , 2.01 , 2.06 , 2.05 , 1.94 , 2.33 , 2.37 , 2.35 , 1.99 , 1.93 , 2.18 , 2.35 , 2.39 , 2.48 
 2160 , 2.34 , 2.37 , 2.28 , 2.11 , 2.16 , 2.16 , 2.04 , 2.45 , 2.49 , 2.47 , 2.10 , 2.03 , 2.29 , 2.47 , 2.51 , 2.60 
 2170 , 2.46 , 2.49 , 2.40 , 2.22 , 2.27 , 2.27 , 2.14 , 2.58 , 2.62 , 2.59 , 2.20 , 2.14 , 2.41 , 2.59 , 2.64 , 2.74 
 2180 , 2.58 , 2.62 , 2.52 , 2.34 , 2.39 , 2.38 , 2.25 , 2.71 , 2.76 , 2.72 , 2.32 , 2.25 , 2.53 , 2.72 , 2.78 , 2.88 
 2190 , 2.71 , 2.75 , 2.65 , 2.45 , 2.51 , 2.50 , 2.37 , 2.85 , 2.90 , 2.86 , 2.43 , 2.36 , 2.66 , 2.86 , 2.92 , 3.02 
 2200 , 2.85 , 2.89 , 2.78 , 2.58 , 2.64 , 2.63 , 2.49 , 2.99 , 3.04 , 3.01 , 2.56 , 2.48 , 2.80 , 3.01 , 3.07 , 3.18 
 2210 , 3.00 , 3.04 , 2.92 , 2.71 , 2.77 , 2.77 , 2.62 , 3.14 , 3.20 , 3.16 , 2.69 , 2.61 , 2.94 , 3.16 , 3.23 , 3.34 
 2220 , 3.15 , 3.20 , 3.07 , 2.85 , 2.91 , 2.91 , 2.75 , 3.31 , 3.36 , 3.33 , 2.83 , 2.74 , 3.09 , 3.33 , 3.39 , 3.51 
 2230 , 3.31 , 3.36 , 3.23 , 3.00 , 3.06 , 3.06 , 2.89 , 3.47 , 3.54 , 3.50 , 2.97 , 2.88 , 3.25 , 3.50 , 3.56 , 3.69 
 2240 , 3.48 , 3.53 , 3.40 , 3.15 , 3.22 , 3.21 , 3.04 , 3.65 , 3.72 , 3.68 , 3.12 , 3.03 , 3.42 , 3.68 , 3.75 , 3.88 
 2250 , 3.66 , 3.71 , 3.57 , 3.31 , 3.38 , 3.38 , 3.20 , 3.84 , 3.91 , 3.86 , 3.28 , 3.19 , 3.59 , 3.86 , 3.94 , 4.08 
 2260 , 3.85 , 3.90 , 3.75 , 3.48 , 3.56 , 3.55 , 3.36 , 4.04 , 4.11 , 4.06 , 3.45 , 3.35 , 3.77 , 4.06 , 4.14 , 4.29 
 2270 , 4.05 , 4.10 , 3.94 , 3.66 , 3.74 , 3.73 , 3.53 , 4.24 , 4.32 , 4.27 , 3.63 , 3.52 , 3.97 , 4.27 , 4.35 , 4.51 
 2280 , 4.25 , 4.31 , 4.15 , 3.85 , 3.93 , 3.92 , 3.71 , 4.46 , 4.54 , 4.49 , 3.81 , 3.70 , 4.17 , 4.49 , 4.57 , 4.74 
 2290 , 4.47 , 4.53 , 4.36 , 4.04 , 4.13 , 4.12 , 3.90 , 4.69 , 4.77 , 4.72 , 4.01 , 3.89 , 4.38 , 4.72 , 4.81 , 4.98 
 2300 , 4.70 , 4.76 , 4.58 , 4.25 , 4.34 , 4.33 , 4.10 , 4.93 , 5.01 , 4.96 , 4.21 , 4.09 , 4.61 , 4.96 , 5.05 , 5.23 
